0,167,190,213,214,289,297,7,210,313,
2,180,250,68,151,200,45,205,53,268,284,154,186,
3,23,115,24,48,163,179,
4,27,29,111,170,272,93,253,35,304,
5,300,71,78,226,152,185,195,258,
6,41,9,91,122,208,256,33,229,
12,108,92,216,132,143,249,62,286,156,295,312,
13,96,16,98,106,237,292,
15,19,37,159,255,11,117,145,113,125,126,74,128,39,290,72,157,206,50,194,315,323,42,241,34,244,118,254,246,288,123,291,162,320,
20,140,79,228,56,124,231,
22,161,236,311,49,101,138,173,248,10,47,227,259,301,148,265,296,201,257,279,202,293,51,174,
26,239,63,233,130,207,
28,44,76,59,224,182,184,43,160,198,131,280,215,319,
30,75,103,18,107,65,176,188,212,275,
31,60,285,318,8,66,70,97,25,219,58,137,191,55,84,129,225,32,269,
40,77,83,133,150,234,252,267,100,120,147,158,204,127,144,36,57,110,169,17,168,177,134,178,277,94,181,95,165,189,52,196,217,221,
46,109,21,135,141,266,
81,247,
86,298,38,90,
89,211,294,317,67,232,303,276,307,238,283,321,
99,175,299,260,302,
102,116,142,172,305,14,197,164,245,287,73,87,209,85,262,270,220,264,61,64,274,310,1,278,82,149,240,88,314,
105,281,251,309,
114,146,166,273,
119,136,193,112,203,308,104,223,69,282,199,218,316,
121,306,
139,183,80,171,271,263,322,
153,242,155,235,
187,192,230,54,261,222,243,
