3,23,30,55,84,58,137,238,191,253,89,211,294,208,317,32,93,269,148,283,321,
5,300,263,280,139,183,275,171,271,322,
6,24,28,44,95,160,104,115,114,131,196,48,179,130,207,215,76,127,273,319,
8,18,107,1,4,29,314,41,296,35,66,65,75,103,176,88,178,188,203,212,164,245,287,27,278,304,
10,47,301,21,135,186,309,227,259,
11,251,74,128,290,50,194,315,323,118,241,34,39,244,81,247,145,201,279,117,246,288,
15,19,37,159,31,60,80,285,61,64,274,310,33,68,82,149,240,51,265,102,116,142,172,305,100,154,69,282,111,170,272,14,63,197,85,262,270,219,318,
16,98,52,57,
25,70,97,13,96,221,36,110,169,120,147,158,146,166,17,144,168,177,134,217,94,181,129,225,202,229,106,237,292,277,293,
26,239,220,264,
40,77,83,133,234,252,267,9,91,256,49,173,46,109,43,152,141,187,192,230,122,150,266,307,121,306,
59,62,71,78,226,12,108,224,286,302,99,175,299,182,184,92,216,132,143,249,195,258,156,295,312,
72,157,206,105,281,
73,213,0,167,190,2,180,250,45,151,200,205,87,204,209,53,268,284,112,223,308,214,289,
101,138,22,161,163,185,236,248,174,311,
119,199,165,189,313,136,193,7,210,316,218,297,
155,235,54,261,86,242,
162,254,123,255,291,257,320,
222,243,
231,298,20,79,228,38,42,90,113,125,126,124,140,56,153,
233,260,198,276,67,232,303,
